$ 1 0.000005 10.20027730826997 50 5 43 5e-11
! stm32f3d 0 PC14 PC6,\sPC7,\sPC8,\sPC9,\s5V,\sGND stm32f3d \0
208 160 320 176 320 0 stm32f3d 0 0 0 0 0 0
R 560 -32 560 -112 0 0 40 9 0 0 0.5
j 400 32 448 32 33 -4 0.00125
w 512 -16 560 -16 0
w 560 -32 560 -16 0
j 400 160 448 160 32 -4 0.00125
w 448 48 448 96 0
w 448 96 448 144 0
w 672 96 672 144 0
w 672 48 672 96 0
j 624 160 672 160 32 -4 0.00125
w 560 -16 608 -16 0
j 640 32 672 32 33 -4 0.00125
w 448 -16 512 -16 0
w 608 -16 672 -16 0
w 672 -16 672 16 0
w 448 -16 448 16 0
w 448 176 448 240 0
g 448 240 448 272 0 0
g 672 240 672 272 0 0
w 672 176 672 240 0
w 688 656 688 720 0
g 688 720 688 752 0 0
g 464 720 464 752 0 0
w 464 656 464 720 0
w 464 464 464 496 0
w 688 464 688 496 0
w 624 464 688 464 0
w 464 464 528 464 0
j 656 512 688 512 33 -4 0.00125
w 576 464 624 464 0
j 640 640 688 640 32 -4 0.00125
w 688 528 688 576 0
w 688 576 688 624 0
w 464 576 464 624 0
w 464 528 464 576 0
j 416 640 464 640 32 -4 0.00125
w 576 448 576 464 0
w 528 464 576 464 0
j 416 512 464 512 33 -4 0.00125
R 576 448 576 368 0 0 40 9 0 0 0.5
415 448 96 672 96 0 0.5 1 0.15 0.15 0.02 0.05 1 0
415 464 576 688 576 0 0.5 1 0.15 0.15 0.02 0.05 1 0
w 400 32 352 32 0
w 256 320 352 320 0
w 352 320 352 304 0
w 400 160 352 160 0
w 352 32 352 160 0
w 352 160 352 304 0
w 256 352 592 352 0
w 640 32 592 32 0
w 624 160 592 160 0
w 592 32 592 160 0
w 592 160 592 352 0
w 656 512 512 512 0
w 512 512 512 544 0
w 512 544 512 640 0
w 512 640 640 640 0
w 416 512 416 592 0
w 416 640 416 592 0
w 416 592 320 592 0
w 256 384 336 384 0
w 512 544 336 544 0
w 336 384 336 544 0
w 256 416 304 416 0
w 304 416 304 592 0
w 304 592 320 592 0
! obstacles\sscanner 0 Vcc,\sGND Q obstacles\sscanner \0
208 160 544 192 544 0 obstacles\sscanner 0
w 256 448 272 448 0
w 272 448 272 544 0
w 272 544 256 544 0
w 160 544 96 544 0
w 96 544 96 320 0
w 96 320 160 320 0
w 160 576 112 576 0
w 112 576 112 512 0
w 112 512 256 512 0
w 256 480 256 512 0
x -263 -37 -77 -34 4 24 stm32f3discovery
x -270 10 60 13 4 24 E18-D80NK\s(obstacles\ssensor)
x 193 290 230 293 4 24 IC1
x 188 624 225 627 4 24 IC2
x -355 -40 -318 -37 4 24 IC1
x -354 10 -317 13 4 24 IC2
x -298 12 -291 15 4 24 -
x -302 -34 -295 -31 4 24 -
